cost(1,1:3) = [120795.83	122958.07	234437.93];
cost(2,1:3) = [79869.55	82441.00	147144.30];
cost(3,1:3) = [46286.55	53370.82	74403.93];
cost(4,1:3) = [33122.68	40521.83	64677.39];
cost(5,1:3) = [9802.16	14033.69	23545.23];

diameter(1,1:3) = [2	4	8];
diameter(2,1:3) = [2	4	8];
diameter(3,1:3) = [2 4 8];
diameter(4,1:3) = [2 4 8];
diameter(5,1:3) = [2 4 8 ];

depth(1,1:3) = [5500 5500 5500];
depth(2,1:3) = [3000 3000 3000];
depth(3,1:3) = [1000 1000 1000];
depth(4,1:3) = [500 500 500];
depth(5,1:3) = [120 120 120];
