
%SOLAR/DIESEL
% cost(1,1:3) = [120795.83	122958.07	234437.93];
% cost(2,1:3) = [79869.55	82441.00	147144.30];
% cost(3,1:3) = [46286.55	53370.82	74403.93];
% cost(4,1:3) = [33122.68	40521.83	64677.39];
% cost(5,1:3) = [9802.16	14033.69	23545.23];
% diameter(1,1:3) = [2	4	8];
% diameter(2,1:3) = [2	4	8];
% diameter(3,1:3) = [2 4 8];
% diameter(4,1:3) = [2 4 8];
% diameter(5,1:3) = [2 4 8 ];
% depth(1,1:3) = [5500 5500 5500];
% depth(2,1:3) = [3000 3000 3000];
% depth(3,1:3) = [1000 1000 1000];
% depth(4,1:3) = [500 500 500];
% depth(5,1:3) = [120 120 120];

%WEC
% cost(1,1:3) = [120813.25	121577.87	126821.30];
% cost(2,1:3) = [60660.67	78063.78	83305.60];
% cost(3,1:3) = [40172.01	47078.07	51469.17];
% cost(4,1:3) = [32740.37	38335.98	43198.00];
% cost(5,1:3) = [9064.44	9829.06	17966.59];
% diameter(1,1:3) = [1 3 6];
% diameter(2,1:3) = [1 3 6];
% diameter(3,1:3) = [1 3 6];
% diameter(4,1:3) = [1 3 6];
% diameter(5,1:3) = [1 3 6];
% depth(1,1:3) = [5500 5500 5500];
% depth(2,1:3) = [3000 3000 3000];
% depth(3,1:3) = [1000 1000 1000];
% depth(4,1:3) = [500 500 500];
% depth(5,1:3) = [120 120 120];

%WIND
cost(1) = 120795.83;
cost(2) = 80026.80;
cost(3) = 47109.95;
cost(4) = 33122.68;
cost(5) = 9802.16;
diameter(1:5) = 0.8;
depth(1) = [5500];
depth(2) = [3000];
depth(3) = [1000];
depth(4) = [500];
depth(5) = [120];


